%YAML:1.0
aruco_bc_nmarkers: 16
aruco_bc_mInfoType: 0
aruco_bc_markers:
   - { id:806, corners:[ [ -454., -454., 0. ], [ -254., -454., 0. ], [
       -254., -254., 0. ], [ -454., -254., 0. ] ] }
   - { id:718, corners:[ [ -218., -454., 0. ], [ -18., -454., 0. ], [
       -18., -254., 0. ], [ -218., -254., 0. ] ] }
   - { id:132, corners:[ [ 18., -454., 0. ], [ 218., -454., 0. ], [ 218.,
       -254., 0. ], [ 18., -254., 0. ] ] }
   - { id:652, corners:[ [ 254., -454., 0. ], [ 454., -454., 0. ], [
       454., -254., 0. ], [ 254., -254., 0. ] ] }
   - { id:345, corners:[ [ -454., -218., 0. ], [ -254., -218., 0. ], [
       -254., -18., 0. ], [ -454., -18., 0. ] ] }
   - { id:1004, corners:[ [ -218., -218., 0. ], [ -18., -218., 0. ], [
       -18., -18., 0. ], [ -218., -18., 0. ] ] }
   - { id:761, corners:[ [ 18., -218., 0. ], [ 218., -218., 0. ], [ 218.,
       -18., 0. ], [ 18., -18., 0. ] ] }
   - { id:907, corners:[ [ 254., -218., 0. ], [ 454., -218., 0. ], [
       454., -18., 0. ], [ 254., -18., 0. ] ] }
   - { id:19, corners:[ [ -454., 18., 0. ], [ -254., 18., 0. ], [ -254.,
       218., 0. ], [ -454., 218., 0. ] ] }
   - { id:702, corners:[ [ -218., 18., 0. ], [ -18., 18., 0. ], [ -18.,
       218., 0. ], [ -218., 218., 0. ] ] }
   - { id:914, corners:[ [ 18., 18., 0. ], [ 218., 18., 0. ], [ 218.,
       218., 0. ], [ 18., 218., 0. ] ] }
   - { id:399, corners:[ [ 254., 18., 0. ], [ 454., 18., 0. ], [ 454.,
       218., 0. ], [ 254., 218., 0. ] ] }
   - { id:424, corners:[ [ -454., 254., 0. ], [ -254., 254., 0. ], [
       -254., 454., 0. ], [ -454., 454., 0. ] ] }
   - { id:300, corners:[ [ -218., 254., 0. ], [ -18., 254., 0. ], [ -18.,
       454., 0. ], [ -218., 454., 0. ] ] }
   - { id:963, corners:[ [ 18., 254., 0. ], [ 218., 254., 0. ], [ 218.,
       454., 0. ], [ 18., 454., 0. ] ] }
   - { id:317, corners:[ [ 254., 254., 0. ], [ 454., 254., 0. ], [ 454.,
       454., 0. ], [ 254., 454., 0. ] ] }
