%YAML:1.0
aruco_bc_nmarkers: 16
aruco_bc_mInfoType: 0
aruco_bc_markers:
   - { id:750, corners:[ [ -203., -203., 0. ], [ -103., -203., 0. ], [
       -103., -103., 0. ], [ -203., -103., 0. ] ] }
   - { id:518, corners:[ [ -101., -203., 0. ], [ -1., -203., 0. ], [ -1.,
       -103., 0. ], [ -101., -103., 0. ] ] }
   - { id:372, corners:[ [ 1., -203., 0. ], [ 101., -203., 0. ], [ 101.,
       -103., 0. ], [ 1., -103., 0. ] ] }
   - { id:607, corners:[ [ 103., -203., 0. ], [ 203., -203., 0. ], [
       203., -103., 0. ], [ 103., -103., 0. ] ] }
   - { id:75, corners:[ [ -203., -101., 0. ], [ -103., -101., 0. ], [
       -103., -1., 0. ], [ -203., -1., 0. ] ] }
   - { id:773, corners:[ [ -101., -101., 0. ], [ -1., -101., 0. ], [ -1.,
       -1., 0. ], [ -101., -1., 0. ] ] }
   - { id:57, corners:[ [ 1., -101., 0. ], [ 101., -101., 0. ], [ 101.,
       -1., 0. ], [ 1., -1., 0. ] ] }
   - { id:336, corners:[ [ 103., -101., 0. ], [ 203., -101., 0. ], [
       203., -1., 0. ], [ 103., -1., 0. ] ] }
   - { id:649, corners:[ [ -203., 1., 0. ], [ -103., 1., 0. ], [ -103.,
       101., 0. ], [ -203., 101., 0. ] ] }
   - { id:217, corners:[ [ -101., 1., 0. ], [ -1., 1., 0. ], [ -1., 101.,
       0. ], [ -101., 101., 0. ] ] }
   - { id:418, corners:[ [ 1., 1., 0. ], [ 101., 1., 0. ], [ 101., 101.,
       0. ], [ 1., 101., 0. ] ] }
   - { id:774, corners:[ [ 103., 1., 0. ], [ 203., 1., 0. ], [ 203.,
       101., 0. ], [ 103., 101., 0. ] ] }
   - { id:450, corners:[ [ -203., 103., 0. ], [ -103., 103., 0. ], [
       -103., 203., 0. ], [ -203., 203., 0. ] ] }
   - { id:470, corners:[ [ -101., 103., 0. ], [ -1., 103., 0. ], [ -1.,
       203., 0. ], [ -101., 203., 0. ] ] }
   - { id:447, corners:[ [ 1., 103., 0. ], [ 101., 103., 0. ], [ 101.,
       203., 0. ], [ 1., 203., 0. ] ] }
   - { id:933, corners:[ [ 103., 103., 0. ], [ 203., 103., 0. ], [ 203.,
       203., 0. ], [ 103., 203., 0. ] ] }
